# Transmitter and Receiver Tables

The following tables are pulled for the data sheets provided with the hardware and are placed here as a quick refernce.

## FPV Transmitter Menu Table

| Btn Press | Description  | Value    | Value     | Value     | Value     | Value     | Value     | Value     | Value     |
| ----------| ------------ | -------- | --------- | --------- | --------- | --------- | --------- | --------- | --------- |
| 1x	      | Channel	     | 1	      | 2	        | 3	        | 4	        | 5	        | 6	        | 7	        | 8	        |
| 2x	      | Band	       | A	      | b	        | E	        | F	        | r         |           |           |           |
| 3x	      | Power Level  | 25  	    | 200  	    | 400  	    | 600  	    |      	    |      	    |      	    |      	    |

## FPV Transmitter Frequency Table

| Channel     | 1         | 2        | 3        | 4        | 5        | 6        | 7        | 8        |           |
| ----------- | --------- | -------- | ---------| -------- | -------- | -------- | -------- | -------- | --------- |
| 1 (Band A)  | 5865	    | 5845	   | 5825	    | 5805	   | 5785	    | 5765	   | 5745	    | 5725	   | MHZ	     |
| 2 (Band B)  | 5733 	    | 5752	   | 5771	    | 5790	   | 5809	    | 5828	   | 5847	    | 5866	   | MHZ	     |
| 3 (Band E)  | 5705	    | 5685	   | 5665	    | 5645	   | 5885	    | 5905	   | 5925	    | 5945	   | MHZ	     |
| 4 (Band F)  | 5740	    | 5760	   | 5780	    | 5800	   | 5820	    | 5840	   | 5860	    | 5880	   | MHZ	     |
| 5 (Race)	  | 5658	    | 5695	   | 5732	    | 5769	   | 5806	    | 5843	   | 5880	    | 5917	   | MHZ	     |
|             |           |          |          |          |          |          |          |          |           |  
| Power Level | 25        | 200      | 400      | 600      |          |          |          |          | mW        |  

## FPV Receiver Frequency Table

| Channel / Band    | 1         | 2        | 3        | 4        | 5        | 6        | 7        | 8        |           |
| ----------------- | --------- | -------- | ---------| -------- | -------- | -------- | -------- | -------- | --------- |
| 1                 | 5740	    | 5760	   | 5780	    | 5800	   | 5820	    | 5840	   | 5860	    | 5880	   | IRC/Fs	   |
| 2                 | 5658	    | 5695	   | 5732	    | 5769	   | 5806	    | 5843	   | 5880	    | 5917	   | Race	     |
| 3                 | 5705	    | 5685	   | 5665	    | 5645	   | 5885	    | 5905	   | 5925	    | 5945	   | Band E	   |
| 4                 | 5733 	    | 5752	   | 5771	    | 5790	   | 5809	    | 5828	   | 5847	    | 5866	   | Band B	   |
| 5                 | 5865	    | 5845	   | 5825	    | 5805	   | 5785	    | 5765	   | 5745	    | 5725	   | Band A    |
